90 90 90 90 90 90 90 90 90 90
90 90 90 90 90 90 90 90 90 90
90 90 90 90 90 90 90 90 90 90
90 90 90 90 90 90 90 90 90 90
90 90 90 90 90 90 90 90 90 90
90 90 90 90 90 90 90 90 90 90
90 90 90 90 90 90 90 90 90 90
90 90 90 90 90 90 90 90 90 90
90 90 90 90 90 90 90 90 90 90
90 90 90 90 90 90 90 90 90 90
90 90 90 90 90 90 90 90 90 90
90 90 90 90 90 90 90 90 90 90
90 90 90 90 90 90 90 90 90 90
90 90 90 90 90 90 90 90 90 90
90 90 90 90 90 90 90 90 90 90
90 90 90 90 90 90 90 90 90 90
90 90 90 90 90 90 90 90 90 90
90 90 90 90 90 90 90 90 90 90
90 90 90 90 90 90 90 90 90 90
90 90 90 90 90 90 90 90 90 90
90 90 90 90 90 90 90 90 90 90
90 90 90 90 90 90 90 90 90 90
90 90 90 90 90 90 90 90 90 90
90 90 90 90 90 90 90 90 90 90
90 90 90 90 90 90 90 90 90 90
90 90 90 90 90 90 90 90 90 90
90 90 90 90 90 90 90 90 90 90
90 90 90 90 90 90 90 90 90 90
90 90 90 90 90 90 90 90 90 90
90 90 90 90 90 90 90 90 90 90
90 90 90 90 90 90 90 90 90 90
90 90 90 90 90 90 90 90 90 90
90 90 90 90 90 90 90 90 90 90
90 90 90 90 90 90 90 90 90 90
90 90 90 90 90 90 90 90 90 90
90 90 90 90 90 90 90 90 90 90
90 90 90 90 90 90 90 90 90 90
90 90 90 90 90 90 90 90 90 90
90 90 90 90 90 90 90 90 90 90
90 90 90 90 90 90 90 90 90 90
90 90 90 90 90 90 90 90 90 90
90 90 90 90 90 90 90 90 90 90
90 90 90 90 90 90 90 90 90 90
90 90 90 90 90 90 90 90 90 90
90 90 90 90 90 90 90 90 90 90
90 90 90 90 90 90 90 90 90 90
90 90 90 90 90 90 90 90 90 90
90 90 90 90 90 90 90 90 90 90
90 90 90 90 90 90 90 90 90 90
90 90 90 90 90 90 90 90 90 90 
90 90 90 90 90 90 90 90 90 
b8 4d 0f 7b 60
8d 6c 24 28
68 3a 8e 04 08
c3
e8 38 68 55
